#Fri May 27 00:55:51 CEST 2022
tech=2022-05-27;00\:51  
Tecnio1=2022-04-18;  15\:24\:45.206861500  
admin=2022-05-27;00\:18  
Antonio=2022-05-26;22\:59  
user=2022-05-27;00\:55  
Manuel=2022-05-13;  10\:32  
Tecnico1=2022-04-21;  15\:26\:18.962363600  
